# id:0.332:0.5-0.524:2-0.308:2-0
15 30 45 
30 50 50 
80 55 45 
95 60 75 
70 50 45 
70 40 60 
0 30 45 
45 40 45 
70 55 55 
100 50 65 
75 50 55 
20 40 45 
100 65 70 
40 40 45 
100 70 75 
10 45 50 
95 45 60 
10 40 50 
75 40 55 
30 50 40 
80 45 55 
85 40 55 
20 40 40 
5 35 45 
100 55 90 
85 55 60 
20 40 45 
95 50 55 
50 55 60 
35 40 45 
95 55 75 
85 50 60 
25 45 50 
85 55 60 
100 55 80 
100 60 60 
25 30 45 
80 55 50 
85 45 55 
60 55 50 
40 40 60 
100 55 60 
15 30 55 
30 50 45 
80 55 45 
75 50 45 
85 50 60 
15 40 50 
100 55 70 
70 40 55 
95 55 75 
35 40 55 
65 60 60 
70 40 60 
100 65 65 
100 60 75 
100 55 75 
100 70 85 
85 55 65 
100 60 65 
100 50 70 
5 30 55 
80 60 55 
65 40 45 
65 50 45 
90 40 50 
100 55 90 
85 60 50 
85 55 60 
35 45 55 
100 65 85 
20 45 50 
95 65 65 
100 60 80 
80 50 60 
95 45 55 
100 45 70 
100 60 70 
60 40 50 
95 40 55 
20 40 55 
100 60 65 
20 35 55 
100 60 85 
35 50 40 
100 65 70 
90 55 45 
100 55 70 
100 60 70 
95 60 75 
95 65 75 
90 50 60 
15 50 40 
85 45 45 
90 45 60 
15 30 55 
100 60 80 
65 50 45 
70 60 60 
70 55 50 
85 55 45 
25 35 60 
15 40 45 
100 50 70 
85 45 60 
15 25 40 
50 45 55 
75 45 50 
100 45 65 
5 40 40 
65 50 45 
100 70 75 
30 45 45 
20 45 50 
75 45 45 
15 30 50 
90 50 60 
90 60 50 
95 50 70 
100 60 80 
60 50 50 
100 50 70 
65 50 50 
100 60 85 
25 35 55 
20 50 60 
65 55 50 
20 45 45 
15 30 40 
85 50 50 
85 50 50 
100 40 65 
75 50 60 
60 55 55 
70 45 50 
5 30 45 
55 45 40 
20 30 50 
100 45 60 
55 40 60 
45 50 55 
15 40 50 
100 45 75 
95 50 65 
15 35 45 
25 50 60 
100 60 75 
100 55 75 
45 55 50 
20 35 60 
20 50 40 
20 40 50 
85 55 60 
100 60 70 
55 40 45 
85 50 65 
10 30 40 
100 55 70 
80 45 65 
15 30 50 
100 65 90 
65 50 55 
70 40 40 
100 65 70 
10 25 55 
100 50 75 
30 45 50 
100 50 80 
85 50 60 
95 60 65 
95 45 55 
55 40 50 
85 50 60 
70 60 55 
100 50 75 
100 65 80 
90 50 65 
15 50 55 
95 50 65 
40 50 60 
90 50 60 
75 50 45 
100 65 75 
100 50 70 
90 45 60 
100 60 70 
15 40 40 
15 35 50 
80 50 60 
20 35 40 
90 60 65 
75 40 45 
95 60 65 
20 35 45 
55 50 50 
90 45 60 
95 60 70 
100 65 65 
15 20 45 
100 65 80 
75 45 55 
10 45 45 
75 60 60 
20 50 60 
100 60 70 
95 40 60 
85 45 60 
40 40 55 
65 45 50 
100 70 70 
90 45 60 
0 35 50 
100 55 70 
65 40 40 
75 55 60 
20 35 45 
70 55 45 
100 65 80 
100 45 65 
100 65 90 
85 45 60 
30 55 55 
85 50 55 
70 40 60 
100 50 75 
100 45 60 
80 45 55 
45 45 55 
90 55 65 
100 65 75 
10 30 50 
25 45 40 
100 70 80 
30 35 55 
75 45 60 
100 65 80 
20 45 40 
95 55 75 
70 50 55 
80 55 55 
95 45 65 
95 60 65 
60 40 45 
100 60 55 
5 25 50 
80 55 60 
20 45 55 
60 45 40 
10 45 55 
95 45 65 
100 55 75 
15 45 45 
85 40 65 
70 55 50 
15 35 50 
100 60 80 
100 75 85 
15 45 40 
85 55 55 
5 40 50 
100 65 80 
95 60 70 
100 55 80 
100 60 75 
65 45 50 
90 50 65 
100 60 80 
80 50 55 
35 55 40 
85 55 50 
100 55 80 
20 35 45 
35 35 55 
100 60 70 
100 60 75 
90 65 60 
15 25 45 
85 60 50 
15 35 45 
100 65 70 
70 55 45 
75 55 50 
100 70 90 
35 50 45 
85 60 60 
100 60 75 
5 30 50 
100 50 65 
100 65 85 
75 55 55 
60 45 55 
20 50 55 
25 40 40 
100 50 70 
25 40 60 
10 25 35 
90 50 50 
85 55 65 
100 55 70 
20 40 45 
65 50 45 
100 75 75 
90 45 55 
25 45 55 
95 65 75 
25 40 60 
80 60 60 
90 40 50 
90 45 60 
30 50 60 
100 50 70 
10 45 40 
15 35 40 
50 40 60 
5 35 50 
90 55 50 
30 45 50 
15 35 55 
80 55 55 
100 65 85 
25 40 50 
20 40 45 
80 60 50 
100 50 70 
85 50 65 
100 55 60 
85 55 55 
5 30 40 
90 60 60 
15 30 55 
80 60 45 
90 40 55 
85 45 50 
25 40 55 
20 35 45 
100 55 60 
25 35 50 
90 45 55 
5 30 50 
80 40 45 
90 55 70 
100 65 75 
40 45 40 
70 45 55 
45 40 40 
80 45 60 
75 50 60 
100 50 70 
100 55 70 
75 60 60 
100 65 65 
20 50 50 
95 55 50 
25 45 50 
35 45 45 
100 60 70 
15 35 55 
20 45 40 
75 45 55 
75 45 45 
15 30 40 
90 55 50 
70 40 45 
100 65 70 
100 70 80 
20 40 55 
95 50 55 
100 50 75 
80 60 45 
100 45 55 
5 30 50 
15 50 40 
35 40 50 
20 30 55 
35 55 40 
15 50 50 
100 65 80 
80 55 60 
55 50 50 
65 50 55 
35 40 50 
90 45 55 
95 50 80 
90 55 50 
100 50 70 
85 40 60 
100 60 80 
15 50 50 
5 45 50 
35 55 45 
80 40 60 
100 55 80 
20 35 55 
10 35 35 
15 25 40 
100 65 85 
65 55 55 
100 70 80 
90 45 50 
95 45 65 
100 60 85 
85 40 65 
100 70 80 
100 60 50 
75 55 50 
20 45 55 
65 40 40 
85 60 60 
85 50 50 
75 55 45 
100 50 75 
85 55 60 
70 45 55 
95 55 70 
15 35 55 
85 45 50 
95 50 50 
35 45 45 
10 40 45 
35 45 55 
100 50 70 
100 65 80 
100 70 85 
70 55 45 
100 55 75 
60 45 50 
100 70 70 
90 60 60 
10 30 55 
95 70 80 
45 45 55 
100 65 80 
20 35 50 
80 40 50 
100 55 65 
60 55 50 
95 55 75 
10 35 45 
25 30 55 
10 45 45 
15 25 45 
30 55 40 
10 30 40 
15 45 55 
75 50 55 
90 60 70 
10 45 45 
25 45 45 
75 55 55 
100 65 80 
25 40 50 
85 50 55 
90 55 45 
20 30 45 
100 55 75 
75 45 60 
25 40 60 
90 60 70 
80 45 50 
55 45 55 
85 40 65 
90 45 65 
100 60 75 
10 25 35 
100 45 60 
5 35 50 
25 50 50 
65 45 40 
55 55 40 
75 50 45 
75 55 55 
100 60 65 
100 60 65 
95 55 60 
100 60 75 
95 45 65 
15 35 50 
10 40 45 
95 45 60 
80 60 45 
90 60 50 
5 30 55 
100 45 55 
100 45 75 
95 55 70 
100 50 65 
5 40 45 
20 40 50 
100 65 75 
100 65 75 
15 45 60 
100 60 60 
10 30 55 
100 60 90 
100 60 85 
25 45 40 
90 60 55 
100 65 60 
100 65 65 
100 60 60 
55 50 45 
100 45 60 
40 45 50 
90 55 65 
85 55 55 
25 40 55 
85 45 45 
55 55 55 
60 40 40 
65 50 55 
100 60 85 
20 30 50 
65 40 50 
100 55 65 
15 30 40 
100 55 75 
95 55 65 
75 55 45 
100 55 70 
0 35 40 
20 40 55 
70 45 50 
100 70 85 
20 25 50 
15 30 50 
80 55 50 
20 35 40 
0 30 35 
5 40 45 
75 60 55 
100 55 80 
100 60 80 
20 35 45 
90 60 70 
15 50 40 
75 45 50 
90 60 55 
80 55 45 
85 45 60 
95 50 60 
95 45 55 
10 30 45 
60 50 55 
85 45 45 
5 35 45 
0 35 50 
35 35 55 
100 55 65 
80 55 50 
100 65 70 
100 50 70 
15 40 40 
95 55 55 
15 30 45 
70 40 45 
10 30 40 
75 60 50 
15 35 50 
25 35 45 
15 35 45 
90 45 70 
95 45 55 
100 55 80 
100 60 85 
10 40 40 
15 50 45 
10 40 40 
100 70 85 
75 50 45 
70 45 45 
100 50 80 
75 45 55 
90 55 70 
90 45 60 
100 65 80 
100 60 70 
100 50 50 
85 45 50 
30 40 55 
100 55 80 
100 55 65 
90 40 55 
55 45 45 
100 55 60 
100 50 55 
95 55 65 
40 45 45 
90 55 50 
95 60 65 
100 65 75 
90 55 65 
90 60 65 
5 35 45 
10 35 45 
10 40 50 
100 70 75 
95 60 60 
75 55 45 
100 60 70 
85 40 55 
100 45 70 
100 55 70 
100 55 60 
20 30 55 
60 45 55 
100 70 85 
95 50 55 
100 70 85 
100 65 90 
100 60 60 
85 60 55 
70 50 60 
35 45 45 
15 40 50 
5 25 35 
90 55 55 
100 55 75 
100 70 75 
15 25 45 
100 60 70 
20 40 45 
85 40 60 
65 55 60 
100 60 85 
90 45 55 
15 45 40 
20 40 35 
40 40 50 
20 50 55 
100 50 55 
5 30 35 
85 55 45 
40 50 50 
75 55 50 
35 45 55 
90 45 60 
10 40 55 
5 45 40 
15 40 55 
75 55 65 
30 40 55 
95 50 60 
85 55 45 
85 55 55 
10 35 40 
70 50 55 
85 50 45 
95 65 55 
90 55 55 
80 50 60 
95 60 60 
40 55 50 
15 40 50 
90 50 65 
100 50 60 
100 60 75 
90 60 50 
20 50 55 
100 50 65 
100 55 70 
20 45 40 
20 35 55 
35 40 45 
15 35 50 
10 35 35 
20 30 55 
85 45 55 
20 30 45 
100 55 75 
40 50 50 
65 55 50 
100 55 85 
100 55 70 
90 45 60 
60 55 50 
100 65 70 
85 50 65 
5 30 45 
75 60 50 
75 45 55 
15 40 55 
95 45 50 
100 55 65 
100 55 80 
100 50 70 
25 35 50 
5 25 45 
35 35 50 
100 50 70 
20 40 55 
60 50 45 
80 55 45 
60 60 50 
5 30 40 
55 50 55 
90 40 55 
40 55 50 
95 50 60 
80 50 60 
75 45 60 
80 45 60 
40 50 55 
90 50 50 
25 45 50 
95 45 65 
100 60 70 
25 40 55 
80 50 45 
90 55 60 
65 45 60 
15 30 40 
35 50 60 
35 45 40 
55 45 55 
65 45 60 
20 40 45 
100 55 65 
55 40 50 
85 55 65 
20 45 45 
75 50 60 
85 50 60 
95 55 60 
100 50 70 
75 55 55 
15 35 55 
75 50 50 
75 60 60 
100 60 60 
60 40 60 
30 45 40 
80 50 60 
20 45 45 
85 45 60 
100 50 55 
65 40 45 
100 50 55 
25 35 50 
30 45 55 
50 50 50 
80 60 45 
5 40 50 
10 45 45 
80 55 55 
100 60 70 
90 55 65 
15 40 50 
10 30 55 
40 50 45 
20 30 40 
20 35 45 
100 55 95 
80 40 45 
15 45 40 
100 60 75 
85 55 55 
100 50 80 
10 30 40 
20 40 40 
35 35 55 
50 55 50 
100 60 70 
15 35 50 
60 45 45 
85 45 60 
75 55 55 
35 50 50 
80 45 55 
90 50 70 
100 50 75 
75 50 55 
100 65 70 
10 30 50 
95 45 60 
90 50 60 
85 55 50 
100 60 60 
95 55 65 
100 45 70 
75 40 55 
15 35 55 
5 35 45 
30 40 50 
85 60 55 
30 45 40 
100 60 85 
100 55 70 
40 35 50 
75 45 55 
95 40 60 
100 60 75 
100 65 60 
25 35 40 
90 60 65 
85 60 70 
95 50 45 
30 45 55 
95 50 60 
30 30 60 
65 55 50 
70 55 45 
65 55 40 
95 60 50 
95 45 70 
25 45 55 
65 45 50 
30 45 50 
35 40 55 
95 60 65 
40 55 60 
85 40 45 
65 40 50 
20 35 45 
20 30 45 
15 25 45 
20 35 55 
100 70 80 
100 50 65 
95 50 55 
90 55 60 
35 40 50 
95 60 75 
100 60 80 
5 20 55 
90 45 50 
85 55 50 
90 50 60 
80 40 65 
15 40 55 
85 60 60 
0 35 35 
90 40 45 
85 50 50 
85 50 60 
25 45 55 
15 35 35 
10 35 55 
45 45 45 
5 30 45 
10 35 50 
100 60 50 
10 35 40 
40 55 45 
65 50 50 
100 55 60 
90 50 55 
10 25 35 
15 40 50 
100 65 75 
20 30 45 
5 45 45 
95 45 65 
100 60 70 
5 30 40 
95 50 75 
0 30 50 
95 55 70 
15 30 40 
85 55 55 
60 55 45 
10 35 35 
100 50 65 
100 60 85 
85 55 45 
35 40 50 
100 65 80 
70 60 55 
100 70 85 
90 40 50 
30 50 45 
95 45 60 
15 35 45 
15 40 35 
100 60 70 
85 40 55 
70 45 45 
90 50 65 
90 45 60 
60 50 50 
0 40 35 
95 45 60 
100 65 75 
40 55 55 
100 70 85 
85 50 55 
75 55 55 
100 55 85 
85 45 60 
85 60 60 
100 70 65 
100 60 65 
20 35 55 
15 25 40 
85 45 50 
75 45 45 
80 50 45 
75 55 50 
20 40 55 
80 50 55 
25 40 45 
85 55 65 
85 45 60 
50 40 55 
100 70 75 
100 70 75 
25 55 55 
90 50 65 
30 30 55 
65 50 55 
75 55 65 
95 55 55 
75 55 50 
65 50 55 
100 55 70 
100 60 75 
85 60 65 
10 40 45 
85 50 45 
60 50 55 
100 60 80 
25 50 60 
15 40 40 
25 35 55 
10 40 40 
90 55 50 
5 30 45 
95 45 55 
80 55 60 
20 40 40 
10 35 45 
100 55 70 
100 50 65 
20 45 45 
50 50 60 
100 60 80 
65 40 50 
20 40 40 
0 35 55 
100 45 70 
35 55 50 
30 50 50 
90 50 55 
100 60 55 
5 40 40 
100 65 75 
85 40 45 
70 55 55 
35 40 50 
70 40 60 
100 65 85 
40 50 50 
80 50 55 
85 55 55 
100 60 80 
80 45 60 
15 35 50 
100 55 75 
95 55 65 
65 50 60 
75 50 45 
20 40 45 
90 55 45 
15 40 35 
55 50 45 
85 60 60 
25 50 55 
70 50 60 
75 40 60 
15 50 50 
15 45 40 
75 45 55 
15 40 50 
20 30 45 
20 25 45 
20 35 50 
100 55 80 
100 60 80 
100 55 75 
20 35 45 
30 50 45 
95 60 75 
100 60 70 
80 50 45 
45 40 45 
45 40 45 
20 45 50 
75 50 50 
95 60 60 
95 50 60 
30 45 50 
80 55 65 
10 30 50 
95 60 55 
25 45 55 
100 60 85 
85 45 60 
85 60 60 
30 40 55 
90 55 70 
30 40 60 
